      199980   1.9998099990557308       7.25199544311977456E-005  1.00000500002500010E-005           5
      199980   1.9998099990557308       3.00939804418253987E-006  1.00000500002500010E-005           6
      199980   1.9998099990557308       2.09391441411276037E-007  1.00000500002500010E-005           7
      199980   1.9998099990557308       7.50550436137742216E-009  1.00000500002500010E-005           8
      199980   1.9998099990557308       3.81580141503371649E-010  1.00000500002500010E-005           9
      199980   1.9998099990557308       3.47243390626633077E-011  1.00000500002500010E-005          10
      199980   1.9998099990557308       3.48465987177472689E-011  1.00000500002500010E-005          11
      199980   1.9998099990557308       3.52681148488374110E-011  1.00000500002500010E-005          12
      199980   1.9998099990557308       3.48158340332980406E-011  1.00000500002500010E-005          13
      199980   1.9998099990557308       3.47926606346219948E-011  1.00000500002500010E-005          14
      199980   1.9998099990557308       3.47371243860707779E-011  1.00000500002500010E-005          15
      199980   1.9998099990557308       3.66291524796986152E-011  1.00000500002500010E-005          16
